-24 0.6190476190476191
-23 1.3309523809523809
-22 0.8976190476190476
-21 2.4761904761904763
-20 1.7642857142857142
-19 3.0023809523809524
-18 1.980952380952381
-17 0.12380952380952381
-16 2.2595238095238095
-15 1.980952380952381
-14 0.4023809523809524
-13 1.7333333333333334
-12 0.3404761904761905
-11 2.414285714285714
-10 0.680952380952381
-9 2.4761904761904763
-8 2.073809523809524
-7 2.3833333333333333
-6 1.95
-5 0.65
-4 1.6714285714285715
-3 0.6190476190476191
-2 2.630952380952381
-1 0.5261904761904762
0 3.25
1 1.361904761904762
2 3.4357142857142855
3 1.888095238095238
4 0.5571428571428572
5 1.207142857142857
6 0.8666666666666667
7 1.7023809523809523
8 1.3309523809523809
9 1.7952380952380953
10 0.5261904761904762
11 22.96668934240363
